0003
0011
0013
0014
0016
0025
0031
0034
0038
0039
0041
0044
0046
0047_1
0053
0054
0066
0070
0072
0073
0074_1
0077
0083
0090
0092
0096
0106
0110
0112
0114
0120
0129
0130
0133
0147
0151
0154
0161
0164
0165
0167_1
0173
0178
0179
0181
0187
0196_0
0199
0201
0202_0
0214
0215
0228
0233
0236
0237
0239
0240
0246
0247
0251
0252
0255
0256_1
0263
0264
0267
0270
0282
0285
0288
0295
0296
0299
0301
0307
0313
0314
0315
0316
0319
0320
0323
0329
0331
0332
0338
0339
0342
0347
0351
0354
0355
0360
0361
0366
0372
0377
0380
0382
0383_1
0386
0387
0388
0391
0392
0394
0397
0400
0402
0407
0414
0416
0417
0418
0421
0422
0423
0435
0437
0443
0445
0455
0462
0463
0464
0472
0473
0475
0476
0479
0483
0494
0495
0498
0500
0502
0504
0511
0521
0522
0524
0525
0526
0530
0531
0534
0537
0547
0548
0553
0557
0559
0560
0562
0566
0567
0569
0570
0573
0575
0576
0579
0581
0585
0586
0589
0590
0599
0600
0604
0612
0614
0623
0626
0627
0629
0635
0636
0638
0643
0648
0652
0656
0657
0658
0659
0660
0665
0666
0669
0670
0678
0685
0686
0694
0696
0698
